0.0003082752227783203
6.303224086761475
0.8689620494842529
3.62396240234375e-05
2.7418136596679688e-05
2.5987625122070312e-05
0.6309425830841064
3.1948089599609375e-05
19.73092794418335
1.5115947723388672
0.04812979698181152
0.246476411819458
0.08429431915283203
2.8371810913085938e-05
0.4135406017303467
0.00010609626770019531
0.31768107414245605
3.0279159545898438e-05
2.6464462280273438e-05
3.2901763916015625e-05
2.9325485229492188e-05
4.315376281738281e-05
22.364195585250854
5.078315734863281e-05
3.123283386230469e-05
4.708246231079102
0.5938856601715088
2.6464462280273438e-05
2.4080276489257812e-05
2.4557113647460938e-05
0.4053976535797119
2.6226043701171875e-05
2.3126602172851562e-05
2.3603439331054688e-05
2.4318695068359375e-05
2.9087066650390625e-05
3.528594970703125e-05
2.765655517578125e-05
2.765655517578125e-05
3.0994415283203125e-05
16.2769775390625
14.880177736282349
4.100799560546875e-05
1.6851301193237305
0.17445635795593262
2.1696090698242188e-05
0.6456117630004883
4.7206878662109375e-05
3.314018249511719e-05
26.19262385368347
3.8623809814453125e-05
5.364418029785156e-05
2.9087066650390625e-05
2.7179718017578125e-05
3.0279159545898438e-05
4.269978046417236
18.843061685562134
3.075599670410156e-05
1.6467127799987793
3.552436828613281e-05
4.512011528015137
2.6941299438476562e-05
0.5840718746185303
0.044786930084228516
2.47955322265625e-05
2.6702880859375e-05
5.53131103515625e-05
2.4080276489257812e-05
2.3365020751953125e-05
2.86102294921875e-05
2.5987625122070312e-05
3.528594970703125e-05
3.0040740966796875e-05
16.389493942260742
1.7568457126617432
3.4332275390625e-05
3.0517578125e-05
3.0517578125e-05
1.2310433387756348
0.8758049011230469
4.3392181396484375e-05
0.7524933815002441
3.647804260253906e-05
0.10109472274780273
2.0063114166259766
2.765655517578125e-05
0.3185310363769531
0.02158665657043457
0.014832735061645508
0.011549234390258789
0.004136562347412109
0.0008637905120849609
2.1219253540039062e-05
2.47955322265625e-05
0.007909536361694336
2.4557113647460938e-05
2.4080276489257812e-05
3.075599670410156e-05
23.37163519859314
0.19507694244384766
0.06175374984741211
3.0279159545898438e-05
2.5510787963867188e-05
2.193450927734375e-05
2.2172927856445312e-05
2.5987625122070312e-05
2.4557113647460938e-05
0.18684649467468262
3.218650817871094e-05
5.719872951507568
3.409385681152344e-05
0.09014701843261719
0.08583283424377441
3.409385681152344e-05
9.226799011230469e-05
2.8371810913085938e-05
2.7418136596679688e-05
0.05936741828918457
3.218650817871094e-05
3.314018249511719e-05
3.0517578125e-05
22.378910779953003
0.0005016326904296875
8.743314266204834
1.6316893100738525
2.6226043701171875e-05
2.9325485229492188e-05
4.469981670379639
5.626678466796875e-05
2.7418136596679688e-05
0.3837897777557373
2.47955322265625e-05
2.4557113647460938e-05
0.0045146942138671875
0.08725762367248535
2.7418136596679688e-05
2.6941299438476562e-05
1.2580926418304443
6.306293725967407
1.8171770572662354
3.2901763916015625e-05
2.5987625122070312e-05
1.939338207244873
2.7179718017578125e-05
2.8133392333984375e-05
2.4557113647460938e-05
2.6226043701171875e-05
0.24982810020446777
0.03332257270812988
3.361701965332031e-05
2.86102294921875e-05
3.337860107421875e-05
